calibration

default-program-geometry {virtual-programs/saving/migrate-folk1-to-folk2.folk claims the default program geometry is {tagSize 26mm left 80mm right 80mm top 80mm bottom 80mm
}}
calibration {virtual-programs/saving/migrate-folk1-to-folk2.folk claims the calibration is {camera {name /base/axi/pcie@120000/rp1/i2c@88000/imx708@1a intrinsics {width 1920 height 1080 fx 819.6284670908161 fy 819.7360474901424 cx 971.7540921592683 cy 536.8568263972097 s 0.0 k1 -0.037441101960200805 k2 0.1553453544526946} extrinsics {{R {{-0.9970213179097002 0.06376748207311846 -0.043384327396641095} {-0.06523294930995897 -0.9973161212564203 0.03324479818518084} {-0.04114795205023879 0.03597586013014276 0.9985051745133664}} t {0.1887654315972896 0.038744675198928324 0.7359822328707715}} {R {{-0.9981028723277126 0.04793618102986421 -0.03863649569308756} {-0.050700750421412026 -0.995963221655788 0.07407222837021472} {-0.03492978897553741 0.07589060322131878 0.9965041526179549}} t {-0.013994137885660621 0.14214487021792466 0.7172074898232993}} {R {{-0.9984055506383722 -0.01294254706672765 -0.054944034525271385} {0.011685893505526804 -0.9996641299002956 0.02313152142991039} {-0.05522496127174885 0.022452569254106682 0.9982214612932461}} t {0.023913228375880904 0.08968960225661478 0.7275630821487481}} {R {{-0.9881885778685627 0.04514929276322681 0.1464406908379224} {-0.03521363827652353 -0.9969431185767879 0.06974537978761731} {0.1491419935814112 0.06376487814909755 0.9867576734260511}} t {0.15655213159725112 0.1205143322880546 0.6739862915112715}} {R {{-0.9972878320482489 0.07302761820984344 0.009162261025590581} {-0.07247041942427143 -0.9526138981217974 -0.2954230854446956} {-0.012845947103031925 -0.2952858413195442 0.9553225913581413}} t {0.22173312005526863 0.05177810759364517 0.6861263572419298}} {R {{-0.6668174319063349 0.07315495306029646 0.7416217805246731} {-0.0065899730986132 -0.9957100463032951 0.092293423087723} {0.7451919784595108 0.056655595782197074 0.6644389051719997}} t {0.15867723924784058 0.09128700872160964 0.5046298532035518}} {R {{-0.7438988067902579 0.13979377355779044 -0.6535076634061024} {-0.11376803804393433 -0.9900935434932587 -0.08228978461872671} {-0.6585373176788575 0.013133012123489989 0.7524334689638009}} t {-0.013244512463416154 0.10112410032261646 0.7112981541530933}} {R {{-0.9191125706235362 -0.31079231429948306 -0.24215742791450034} {0.13250494769863652 -0.8226508018358346 0.5528906737088625} {-0.37104517428094475 0.4760817110656842 0.7972902125522381}} t {0.12870280719531893 0.05419576904683459 0.6168303582827002}} {R {{-0.9932301037631979 0.11585697841363148 -0.008433358252235061} {-0.11077893875399673 -0.9665382328734136 -0.23136955530595904} {-0.034956940756957704 -0.22886896894686776 0.9728293824438651}} t {0.17400637835589358 0.03282667926926837 0.7310591485806351}} {R {{-0.9994582830861706 0.027892276055887694 -0.017468866788266806} {-0.031035997167545865 -0.9753893075639748 0.2182944469510983} {-0.010950216904707512 0.21871835685715074 0.9757265872791657}} t {0.13105521516433852 0.04362846600562866 0.6945634702559461}}} rmse 0.8575301738480532} projector {name 0 intrinsics {width 1366 height 768 fx 1630.961597610581 fy 1633.6079098590938 cx 695.3469599993142 cy 418.09658575260795 s 0.0 k1 -0.10763865347887634 k2 -0.012392482865571774} extrinsics {{R {{-0.9997002919633399 0.00873249091801942 -0.022870720381741594} {-0.008206545972016227 -0.9997020073941777 -0.022990193893499336} {-0.023064666735556495 -0.02279561392939919 0.9994740522564649}} t {0.19177345733616474 0.008283575959065976 0.6910498044765385}} {R {{-0.9951143681414362 -0.008555797780239034 -0.09835747375168785} {0.005704803269824498 -0.9995564084509385 0.029230832083833348} {-0.09856393629580196 0.02852691096148194 0.994721752960531}} t {-0.01662965580423192 0.13081944809698157 0.679817174415371}} {R {{-0.9919763376679565 -0.06791489576561441 -0.1066326049574617} {0.07041816395547412 -0.9973193559249318 -0.019884277271734477} {-0.10499632227848897 -0.027233604804083194 0.9940996444408212}} t {0.018556725585037348 0.07332170223759649 0.6955250951854665}} {R {{-0.9898897552573511 -0.00687345581532533 0.14167225572318715} {0.007240105634468736 -0.9999716419698024 0.0020727099698166916} {0.14165399149668567 0.00307747646165066 0.9899114484799562}} t {0.16244514923461822 0.1018231841054239 0.6332028293355725}} {R {{-0.9997323510902962 0.008812942722135772 0.021390610651523367} {-0.016164468605744883 -0.9275606593300085 -0.3733228270786206} {0.016551016227488835 -0.37356867548531975 0.9274548552668108}} t {0.22740891280936917 0.023899843710326638 0.647930443324466}} {R {{-0.6701406013367219 0.008002572559335215 0.7421910355646243} {-0.02277304157892185 -0.999692791304444 -0.009783230099219454} {0.7418847370160014 -0.02345808701412269 0.6701169712343785}} t {0.1678393318712934 0.083429029203929 0.4727488365112842}} {R {{-0.7423619707102193 0.09034338834068587 -0.6638800920545543} {-0.032494384414589655 -0.994556017806148 -0.0990072847173062} {-0.669210594226329 -0.05192686808099335 0.7412562181503388}} t {-0.01817732815803353 0.08919358917321647 0.6790393918535582}} {R {{-0.9087476750525614 -0.3580727245392151 -0.21438653648871614} {0.20959570246870163 -0.8357766578210086 0.5074909060743809} {-0.36089791436528934 0.416246684290227 0.8345605988927204}} t {0.12818913687425423 0.038798237280416696 0.5843215554230315}} {R {{-0.9982874227396686 0.058344864344445024 -0.004254221952189798} {-0.05374604472940123 -0.9434530884196755 -0.32712021127915825} {-0.02309944319102493 -0.3263313450405956 0.9449731578030458}} t {0.17668741886681766 0.0016245747932783783 0.6968363864239796}} {R {{-0.9995010123851311 -0.027572480117837535 -0.015410534748976553} {0.024566952541203987 -0.9852385530690589 0.16941504770599725} {-0.01985424599263822 0.16895192181960683 0.9854243030438841}} t {0.12792390933194803 0.018249572257728396 0.652467780510462}}} rmse 0.6830084728238278} R_cameraToProjector {{0.9985375248335846 0.05358515132822667 -0.007172381497767622} {-0.05395612112465458 0.9960931438118845 -0.06990841039630329} {0.003398307284527855 0.0701931649670209 0.9975276292411717}} t_cameraToProjector {0.0017413809133101225 0.03735869264877848 -0.07810825689231586} rmse 1.6652799491012473
}}
poses {virtual-programs/saving/migrate-folk1-to-folk2.folk claims the calibration poses are {{model {48600 {c {0.02083333333333334 0.02083333333333334} p {{0.008333333333333335 0.03333333333333334} {0.03333333333333334 0.03333333333333334} {0.03333333333333334 0.008333333333333335} {0.008333333333333335 0.008333333333333335}}} 48601 {c {0.07500000000000001 0.02083333333333334} p {{0.08750000000000002 0.03333333333333334} {0.08750000000000002 0.008333333333333335} {0.06250000000000001 0.008333333333333335} {0.06250000000000001 0.03333333333333334}}} 48602 {c {0.12916666666666668 0.02083333333333334} p {{0.11666666666666668 0.03333333333333334} {0.1416666666666667 0.03333333333333334} {0.1416666666666667 0.008333333333333335} {0.11666666666666668 0.008333333333333335}}} 48603 {c {0.18333333333333335 0.02083333333333334} p {{0.17083333333333336 0.03333333333333334} {0.19583333333333336 0.03333333333333334} {0.19583333333333336 0.008333333333333335} {0.17083333333333336 0.008333333333333335}}} 48604 {c {0.23750000000000004 0.02083333333333334} p {{0.22500000000000006 0.03333333333333334} {0.25000000000000006 0.03333333333333334} {0.25000000000000006 0.008333333333333335} {0.22500000000000006 0.008333333333333335}}} 48605 {c {0.02083333333333334 0.07500000000000001} p {{0.03333333333333334 0.08750000000000002} {0.03333333333333334 0.06250000000000001} {0.008333333333333335 0.06250000000000001} {0.008333333333333335 0.08750000000000002}}} 48606 {c {0.07500000000000001 0.07500000000000001} p {{0.06250000000000001 0.08750000000000002} {0.08750000000000002 0.08750000000000002} {0.08750000000000002 0.06250000000000001} {0.06250000000000001 0.06250000000000001}}} 48607 {c {0.12916666666666668 0.07500000000000001} p {{0.11666666666666668 0.08750000000000002} {0.1416666666666667 0.08750000000000002} {0.1416666666666667 0.06250000000000001} {0.11666666666666668 0.06250000000000001}}} 48608 {c {0.18333333333333335 0.07500000000000001} p {{0.17083333333333336 0.08750000000000002} {0.19583333333333336 0.08750000000000002} {0.19583333333333336 0.06250000000000001} {0.17083333333333336 0.06250000000000001}}} 48609 {c {0.23750000000000004 0.07500000000000001} p {{0.25000000000000006 0.08750000000000002} {0.25000000000000006 0.06250000000000001} {0.22500000000000006 0.06250000000000001} {0.22500000000000006 0.08750000000000002}}} 48610 {c {0.02083333333333334 0.12916666666666668} p {{0.008333333333333335 0.1416666666666667} {0.03333333333333334 0.1416666666666667} {0.03333333333333334 0.11666666666666668} {0.008333333333333335 0.11666666666666668}}} 48611 {c {0.07500000000000001 0.12916666666666668} p {{0.06250000000000001 0.1416666666666667} {0.08750000000000002 0.1416666666666667} {0.08750000000000002 0.11666666666666668} {0.06250000000000001 0.11666666666666668}}} 48612 {c {0.12916666666666668 0.12916666666666668} p {{0.11666666666666668 0.1416666666666667} {0.1416666666666667 0.1416666666666667} {0.1416666666666667 0.11666666666666668} {0.11666666666666668 0.11666666666666668}}} 48613 {c {0.18333333333333335 0.12916666666666668} p {{0.19583333333333336 0.1416666666666667} {0.19583333333333336 0.11666666666666668} {0.17083333333333336 0.11666666666666668} {0.17083333333333336 0.1416666666666667}}} 48614 {c {0.23750000000000004 0.12916666666666668} p {{0.22500000000000006 0.1416666666666667} {0.25000000000000006 0.1416666666666667} {0.25000000000000006 0.11666666666666668} {0.22500000000000006 0.11666666666666668}}}} version 9 camera /base/axi/pcie@120000/rp1/i2c@88000/imx708@1a cameraWidth 1920 cameraHeight 1080 display 0 displayWidth 1366 displayHeight 768 tagSize 0.025 H_modelToDisplay {{0.484977 -0.002136 -0.231235} {0.009994 0.472482 -0.088122} {0.000017 0.000003 -0.000202}} rmse 3.9830197627790436 tags {48600 {id 48600 H {-12.023853 15.835491 1159.871668 0.038633 -7.138819 555.138248 0.001627 0.012918 1.000000} c {1159.871668 555.138248} p {{1174.470703 541.843140} {1147.000244 540.181152} {1144.939209 568.737000} {1173.123047 570.536865}}} 48602 {id 48602 H {-12.949077 -8.346454 1040.323014 -0.175342 -19.342915 547.586237 0.001333 -0.008966 1.000000} c {1040.323014 547.586237} p {{1055.799072 533.917358} {1026.865967 532.129944} {1025.162476 560.976440} {1053.576172 562.808350}}} 48604 {id 48604 H {-22.751996 -0.964683 919.434857 -5.880813 -15.670215 539.579937 -0.009087 -0.002162 1.000000} c {919.434857 539.579937} p {{934.748718 526.146790} {905.909119 523.922729} {903.907410 553.200439} {932.659668 554.888794}}} 48606 {id 48606 H {-16.461547 0.722262 1104.212988 -2.001183 -14.356286 491.183789 -0.002092 -0.000197 1.000000} c {1104.212988 491.183789} p {{1119.275513 477.922913} {1090.971680 475.916016} {1089.093262 504.495026} {1117.393799 506.381805}}} 48608 {id 48608 H {-11.634607 4.927289 983.641609 0.366839 -12.528446 482.944913 0.002933 0.004044 1.000000} c {983.641609 482.944913} p {{999.093323 469.527893} {970.165222 467.521301} {968.155518 496.391785} {997.307373 498.585266}}} 48610 {id 48610 H {-21.985802 -3.593835 1166.471558 -4.293690 -15.738111 436.037117 -0.007006 -0.003747 1.000000} c {1166.471558 436.037117} p {{1181.015015 423.213593} {1153.292969 420.527130} {1151.833008 448.944489} {1179.369751 451.217102}}} 48612 {id 48612 H {-20.472724 -1.347746 1047.906133 -3.381001 -15.036092 427.197943 -0.005806 -0.001972 1.000000} c {1047.906133 427.197943} p {{1062.955200 413.955536} {1034.128784 411.985138} {1032.741211 440.542297} {1061.470825 442.175934}}} 48614 {id 48614 H {-12.520495 4.534534 927.084940 0.020289 -12.642933 418.721089 0.002143 0.004010 1.000000} c {927.084940 418.721089} p {{942.380920 405.301331} {913.477905 403.614807} {911.731750 432.191040} {940.860474 434.014435}}} 48601 {id 48601 H {18.784147 -17.931966 1096.924296 23.240783 -3.165236 547.698712 0.017886 -0.004469 1.000000} c {1096.924296 547.698712} p {{1084.450684 533.212463} {1083.242920 560.257446} {1108.852417 561.551453} {1110.977783 534.798401}}} 48603 {id 48603 H {-22.839604 -1.048177 983.767051 -5.967024 -14.522342 540.160722 -0.009587 -0.002037 1.000000} c {983.767051 540.160722} p {{998.023804 527.622070} {971.168396 525.783203} {969.293396 552.890137} {996.076172 554.207825}}} 48605 {id 48605 H {11.080026 -17.966647 1155.989288 18.480789 -3.041422 495.147481 0.010353 -0.004337 1.000000} c {1155.989288 495.147481} p {{1143.744141 480.686523} {1142.230347 507.533234} {1167.879883 509.189728} {1169.914795 482.611786}}} 48607 {id 48607 H {-7.816454 -3.938424 1043.943609 1.658780 -15.676734 487.203703 0.005167 -0.004409 1.000000} c {1043.943609 487.203703} p {{1057.952148 474.410950} {1031.406494 472.827148} {1030.200806 499.753784} {1056.499756 501.602081}}} 48609 {id 48609 H {-7.684999 -25.023965 930.490965 10.081785 -6.706986 479.372956 -0.007264 -0.012327 1.000000} c {930.490965 479.372956} p {{917.798340 464.937927} {915.721863 492.394226} {943.055725 493.662567} {944.692505 466.852081}}} 48611 {id 48611 H {-4.710766 5.129959 1103.357390 2.352756 -11.539095 435.053453 0.007456 0.003954 1.000000} c {1103.357390 435.053453} p {{1117.110962 422.641968} {1091.324219 421.062653} {1089.699829 447.378296} {1115.668335 449.367218}}} 48613 {id 48613 H {-7.502952 -16.512744 990.845934 10.634729 -2.445170 426.899223 -0.006652 -0.003176 1.000000} c {990.845934 426.899223} p {{978.435303 412.385956} {976.427124 439.407532} {1003.343140 441.513733} {1004.984070 414.634399}}}}} {model {48600 {c {0.02083333333333334 0.02083333333333334} p {{0.008333333333333335 0.03333333333333334} {0.03333333333333334 0.03333333333333334} {0.03333333333333334 0.008333333333333335} {0.008333333333333335 0.008333333333333335}}} 48601 {c {0.07500000000000001 0.02083333333333334} p {{0.08750000000000002 0.008333333333333335} {0.06250000000000001 0.008333333333333335} {0.06250000000000001 0.03333333333333334} {0.08750000000000002 0.03333333333333334}}} 48602 {c {0.12916666666666668 0.02083333333333334} p {{0.11666666666666668 0.03333333333333334} {0.1416666666666667 0.03333333333333334} {0.1416666666666667 0.008333333333333335} {0.11666666666666668 0.008333333333333335}}} 48603 {c {0.18333333333333335 0.02083333333333334} p {{0.17083333333333336 0.03333333333333334} {0.19583333333333336 0.03333333333333334} {0.19583333333333336 0.008333333333333335} {0.17083333333333336 0.008333333333333335}}} 48604 {c {0.23750000000000004 0.02083333333333334} p {{0.22500000000000006 0.03333333333333334} {0.25000000000000006 0.03333333333333334} {0.25000000000000006 0.008333333333333335} {0.22500000000000006 0.008333333333333335}}} 48605 {c {0.02083333333333334 0.07500000000000001} p {{0.03333333333333334 0.06250000000000001} {0.008333333333333335 0.06250000000000001} {0.008333333333333335 0.08750000000000002} {0.03333333333333334 0.08750000000000002}}} 48606 {c {0.07500000000000001 0.07500000000000001} p {{0.06250000000000001 0.08750000000000002} {0.08750000000000002 0.08750000000000002} {0.08750000000000002 0.06250000000000001} {0.06250000000000001 0.06250000000000001}}} 48607 {c {0.12916666666666668 0.07500000000000001} p {{0.11666666666666668 0.08750000000000002} {0.1416666666666667 0.08750000000000002} {0.1416666666666667 0.06250000000000001} {0.11666666666666668 0.06250000000000001}}} 48608 {c {0.18333333333333335 0.07500000000000001} p {{0.17083333333333336 0.08750000000000002} {0.19583333333333336 0.08750000000000002} {0.19583333333333336 0.06250000000000001} {0.17083333333333336 0.06250000000000001}}} 48609 {c {0.23750000000000004 0.07500000000000001} p {{0.25000000000000006 0.06250000000000001} {0.22500000000000006 0.06250000000000001} {0.22500000000000006 0.08750000000000002} {0.25000000000000006 0.08750000000000002}}} 48610 {c {0.02083333333333334 0.12916666666666668} p {{0.008333333333333335 0.1416666666666667} {0.03333333333333334 0.1416666666666667} {0.03333333333333334 0.11666666666666668} {0.008333333333333335 0.11666666666666668}}} 48611 {c {0.07500000000000001 0.12916666666666668} p {{0.06250000000000001 0.1416666666666667} {0.08750000000000002 0.1416666666666667} {0.08750000000000002 0.11666666666666668} {0.06250000000000001 0.11666666666666668}}} 48612 {c {0.12916666666666668 0.12916666666666668} p {{0.11666666666666668 0.1416666666666667} {0.1416666666666667 0.1416666666666667} {0.1416666666666667 0.11666666666666668} {0.11666666666666668 0.11666666666666668}}} 48613 {c {0.18333333333333335 0.12916666666666668} p {{0.19583333333333336 0.11666666666666668} {0.17083333333333336 0.11666666666666668} {0.17083333333333336 0.1416666666666667} {0.19583333333333336 0.1416666666666667}}} 48614 {c {0.23750000000000004 0.12916666666666668} p {{0.22500000000000006 0.1416666666666667} {0.25000000000000006 0.1416666666666667} {0.25000000000000006 0.11666666666666668} {0.22500000000000006 0.11666666666666668}}}} version 106 camera /base/axi/pcie@120000/rp1/i2c@88000/imx708@1a cameraWidth 1920 cameraHeight 1080 display 0 displayWidth 1366 displayHeight 768 tagSize 0.025 H_modelToDisplay {{0.475029 0.001512 -0.127974} {0.000553 0.467182 -0.142924} {0.000009 -0.000005 -0.000195}} rmse 3.4871428473559236 tags {48600 {id 48600 H {-9.252639 11.132234 933.163096 3.306258 -7.220601 673.745969 0.005792 0.011103 1.000000} c {933.163096 673.745969} p {{948.509949 659.715027} {919.507751 658.702942} {917.652344 687.926758} {947.287781 689.306030}}} 48602 {id 48602 H {-16.778710 -3.047781 809.186351 -2.124752 -17.999106 668.524198 -0.002218 -0.004734 1.000000} c {809.186351 668.524198} p {{824.992615 654.295776} {794.886353 652.939941} {793.459412 682.681213} {823.288879 683.893250}}} 48604 {id 48604 H {-16.632159 -0.714817 684.280690 -2.532738 -16.636735 662.778812 -0.002744 -0.002528 1.000000} c {684.280690 662.778812} p {{700.046753 648.534668} {670.468567 647.020569} {668.507813 677.029114} {697.947937 678.371765}}} 48606 {id 48606 H {-20.173355 0.425899 875.050578 -4.476056 -14.959330 609.158784 -0.006194 -0.000637 1.000000} c {875.050578 609.158784} p {{890.700867 595.367493} {861.185669 593.779358} {859.225403 623.104187} {888.727356 624.329529}}} 48608 {id 48608 H {-16.482953 3.641457 750.773846 -2.041911 -12.652729 603.181723 -0.002136 0.003561 1.000000} c {750.773846 603.181723} p {{766.531433 589.214233} {736.882263 587.649658} {734.835693 617.309265} {764.705078 618.758118}}} 48610 {id 48610 H {-24.437547 4.232097 939.416879 -6.720587 -12.372538 551.187963 -0.010653 0.003726 1.000000} c {939.416879 551.187963} p {{954.363464 537.802795} {925.622742 535.806091} {924.034180 564.963684} {953.021240 566.358215}}} 48612 {id 48612 H {-24.451210 -1.226009 817.059171 -7.148648 -15.933799 544.866576 -0.011818 -0.002558 1.000000} c {817.059171 544.866576} p {{832.574707 531.162842} {802.924438 529.394470} {801.253601 558.826477} {830.793274 559.900146}}} 48614 {id 48614 H {-14.184343 11.075688 693.210143 -0.102981 -6.672034 538.294497 0.000879 0.014774 1.000000} c {693.210143 538.294497} p {{708.623657 524.438232} {679.465637 523.327698} {677.362244 552.541260} {707.391785 553.737305}}} 48601 {id 48601 H {6.626464 0.268636 868.645072 -4.836699 14.605284 667.758270 -0.008214 0.001096 1.000000} c {868.645072 667.758270} p {{854.333191 680.861267} {881.816589 682.383789} {883.225952 654.408997} {855.659729 653.339478}}} 48603 {id 48603 H {-13.620900 -7.918678 750.554476 -0.076129 -21.719048 662.702210 0.000426 -0.011843 1.000000} c {750.554476 662.702210} p {{765.649902 649.021667} {737.434326 648.308899} {735.824951 676.051147} {763.378418 676.770569}}} 48605 {id 48605 H {4.232330 -13.905357 929.836390 -5.651902 5.086469 611.820516 -0.010151 -0.014188 1.000000} c {929.836390 611.820516} p {{915.394226 625.082397} {943.118164 626.503723} {944.162415 598.665283} {917.185791 597.835083}}} 48607 {id 48607 H {-22.567181 3.202553 813.739494 -7.202556 -11.973990 606.209572 -0.010679 0.002940 1.000000} c {813.739494 606.209572} p {{828.229614 593.357239} {800.569824 591.611023} {798.849243 619.416809} {826.706909 620.583923}}} 48609 {id 48609 H {17.328009 -14.001999 694.912571 3.506493 2.531331 600.507840 0.004680 -0.018922 1.000000} c {694.912571 600.507840} p {{679.623169 614.025024} {708.326294 615.308655} {709.496887 587.614014} {681.875549 586.122681}}} 48611 {id 48611 H {-19.258219 -3.662397 875.040900 -4.128764 -16.370859 550.960662 -0.006212 -0.004938 1.000000} c {875.040900 550.960662} p {{889.504150 538.033508} {861.728577 536.442383} {860.540771 563.920776} {888.059631 565.158752}}} 48613 {id 48613 H {15.872494 6.748207 758.181572 1.928049 19.299024 545.297353 0.002613 0.010145 1.000000} c {758.181572 545.297353} p {{743.457947 558.462280} {770.966370 559.387817} {773.128662 531.932617} {745.066345 530.842712}}}}} {model {48600 {c {0.02083333333333334 0.02083333333333334} p {{0.008333333333333335 0.03333333333333334} {0.03333333333333334 0.03333333333333334} {0.03333333333333334 0.008333333333333335} {0.008333333333333335 0.008333333333333335}}} 48601 {c {0.07500000000000001 0.02083333333333334} p {{0.06250000000000001 0.03333333333333334} {0.08750000000000002 0.03333333333333334} {0.08750000000000002 0.008333333333333335} {0.06250000000000001 0.008333333333333335}}} 48602 {c {0.12916666666666668 0.02083333333333334} p {{0.11666666666666668 0.03333333333333334} {0.1416666666666667 0.03333333333333334} {0.1416666666666667 0.008333333333333335} {0.11666666666666668 0.008333333333333335}}} 48603 {c {0.18333333333333335 0.02083333333333334} p {{0.17083333333333336 0.03333333333333334} {0.19583333333333336 0.03333333333333334} {0.19583333333333336 0.008333333333333335} {0.17083333333333336 0.008333333333333335}}} 48604 {c {0.23750000000000004 0.02083333333333334} p {{0.22500000000000006 0.03333333333333334} {0.25000000000000006 0.03333333333333334} {0.25000000000000006 0.008333333333333335} {0.22500000000000006 0.008333333333333335}}} 48605 {c {0.02083333333333334 0.07500000000000001} p {{0.008333333333333335 0.08750000000000002} {0.03333333333333334 0.08750000000000002} {0.03333333333333334 0.06250000000000001} {0.008333333333333335 0.06250000000000001}}} 48606 {c {0.07500000000000001 0.07500000000000001} p {{0.06250000000000001 0.08750000000000002} {0.08750000000000002 0.08750000000000002} {0.08750000000000002 0.06250000000000001} {0.06250000000000001 0.06250000000000001}}} 48607 {c {0.12916666666666668 0.07500000000000001} p {{0.11666666666666668 0.08750000000000002} {0.1416666666666667 0.08750000000000002} {0.1416666666666667 0.06250000000000001} {0.11666666666666668 0.06250000000000001}}} 48608 {c {0.18333333333333335 0.07500000000000001} p {{0.17083333333333336 0.08750000000000002} {0.19583333333333336 0.08750000000000002} {0.19583333333333336 0.06250000000000001} {0.17083333333333336 0.06250000000000001}}} 48609 {c {0.23750000000000004 0.07500000000000001} p {{0.22500000000000006 0.08750000000000002} {0.25000000000000006 0.08750000000000002} {0.25000000000000006 0.06250000000000001} {0.22500000000000006 0.06250000000000001}}} 48610 {c {0.02083333333333334 0.12916666666666668} p {{0.008333333333333335 0.1416666666666667} {0.03333333333333334 0.1416666666666667} {0.03333333333333334 0.11666666666666668} {0.008333333333333335 0.11666666666666668}}} 48611 {c {0.07500000000000001 0.12916666666666668} p {{0.06250000000000001 0.1416666666666667} {0.08750000000000002 0.1416666666666667} {0.08750000000000002 0.11666666666666668} {0.06250000000000001 0.11666666666666668}}} 48612 {c {0.12916666666666668 0.12916666666666668} p {{0.11666666666666668 0.1416666666666667} {0.1416666666666667 0.1416666666666667} {0.1416666666666667 0.11666666666666668} {0.11666666666666668 0.11666666666666668}}} 48613 {c {0.18333333333333335 0.12916666666666668} p {{0.17083333333333336 0.1416666666666667} {0.19583333333333336 0.1416666666666667} {0.19583333333333336 0.11666666666666668} {0.17083333333333336 0.11666666666666668}}} 48614 {c {0.23750000000000004 0.12916666666666668} p {{0.22500000000000006 0.1416666666666667} {0.25000000000000006 0.1416666666666667} {0.25000000000000006 0.11666666666666668} {0.22500000000000006 0.11666666666666668}}}} version 12 camera /base/axi/pcie@120000/rp1/i2c@88000/imx708@1a cameraWidth 1920 cameraHeight 1080 display 0 displayWidth 1366 displayHeight 768 tagSize 0.025 H_modelToDisplay {{-0.480547 -0.036171 0.148182} {0.026712 -0.471043 0.118201} {-0.000015 -0.000002 0.000200}} rmse 4.242961860577724 tags {48600 {id 48600 H {-9.451458 8.209803 974.768072 3.391470 -9.128403 614.517357 0.005033 0.008627 1.000000} c {974.768072 614.517357} p {{988.875854 599.841980} {960.407532 600.576721} {960.558533 629.298584} {989.526367 628.844116}}} 48602 {id 48602 H {-17.186330 -1.483554 852.182244 -1.459160 -15.598637 616.903194 -0.002781 -0.001637 1.000000} c {852.182244 616.903194} p {{866.893921 602.075378} {837.211060 602.507202} {837.436890 631.764954} {867.021729 631.172546}}} 48604 {id 48604 H {-18.422594 -2.351765 727.816264 -2.903325 -16.830789 618.858048 -0.004860 -0.003198 1.000000} c {727.816264 618.858048} p {{742.652832 603.926880} {712.786194 603.991455} {712.930298 633.838928} {742.606018 633.486938}}} 48606 {id 48606 H {-13.903269 -0.534111 913.204148 0.718313 -14.694589 554.451582 0.000878 -0.000325 1.000000} c {913.204148 554.451582} p {{927.689636 539.688110} {898.270508 540.176880} {898.753479 569.179565} {928.154297 568.742065}}} 48608 {id 48608 H {-8.913243 1.769162 789.125524 4.183229 -13.473254 556.023830 0.007546 0.002393 1.000000} c {789.125524 556.023830} p {{803.951172 541.156250} {774.285522 541.353088} {774.451904 570.738953} {804.263489 570.989136}}} 48610 {id 48610 H {-23.717454 -5.328622 973.168406 -4.670776 -17.032664 493.124867 -0.009525 -0.005327 1.000000} c {973.168406 493.124867} p {{987.412903 478.753571} {958.355835 478.528534} {958.803833 507.617310} {987.547424 507.293976}}} 48612 {id 48612 H {-20.534668 -8.592864 851.131835 -3.152174 -19.570110 494.073174 -0.006634 -0.009847 1.000000} c {851.131835 494.073174} p {{865.855347 479.194733} {835.778809 479.249420} {836.502625 508.856323} {865.987000 508.416229}}} 48614 {id 48614 H {-14.905144 8.476998 726.933438 0.276031 -8.650636 494.857369 -0.000097 0.012022 1.000000} c {726.933438 494.857369} p {{741.330994 480.111969} {712.014465 480.749786} {712.182617 509.964569} {742.212524 509.305481}}} 48601 {id 48601 H {-17.022025 4.613714 910.415466 -2.151311 -10.370244 611.863914 -0.003870 0.005301 1.000000} c {910.415466 611.863914} p {{923.581482 598.159546} {896.723816 598.485840} {897.005737 625.821960} {924.146362 625.280334}}} 48603 {id 48603 H {-12.566588 2.186901 794.199294 1.203347 -11.917840 613.743687 0.001374 0.002759 1.000000} c {794.199294 613.743687} p {{807.834290 599.792053} {780.593079 600.546875} {780.526489 627.734009} {807.918457 627.050049}}} 48605 {id 48605 H {-13.841463 1.649722 966.330417 -0.215000 -12.393912 553.975313 -0.000590 0.001930 1.000000} c {966.330417 553.975313} p {{979.353638 540.434509} {952.862427 540.642273} {953.241394 567.584534} {979.834534 567.344116}}} 48607 {id 48607 H {-12.813846 -9.752865 851.960953 0.612598 -19.957647 555.417275 0.000928 -0.011272 1.000000} c {851.960953 555.417275} p {{865.581848 541.452637} {838.063416 541.675476} {838.668396 569.045288} {865.573914 568.877686}}} 48609 {id 48609 H {-13.126691 -2.917076 734.812991 0.711324 -15.985491 556.887105 0.001137 -0.003858 1.000000} c {734.812991 556.887105} p {{748.762695 542.902100} {720.730103 543.090515} {721.001953 570.733093} {748.819458 570.608826}}} 48611 {id 48611 H {-13.879730 8.582502 908.609954 0.014617 -8.515309 497.437476 -0.000355 0.009758 1.000000} c {908.609954 497.437476} p {{921.751099 484.013031} {894.897949 484.382111} {895.200317 511.136200} {922.582275 510.740692}}} 48613 {id 48613 H {-17.560380 4.200107 793.184885 -2.281231 -10.998293 498.539233 -0.004749 0.005461 1.000000} c {793.184885 498.539233} p {{806.708740 484.871552} {779.270081 484.914642} {779.382019 512.488892} {807.119507 512.183228}}}}} {model {48600 {c {0.02083333333333334 0.02083333333333334} p {{0.008333333333333335 0.03333333333333334} {0.03333333333333334 0.03333333333333334} {0.03333333333333334 0.008333333333333335} {0.008333333333333335 0.008333333333333335}}} 48601 {c {0.07500000000000001 0.02083333333333334} p {{0.08750000000000002 0.008333333333333335} {0.06250000000000001 0.008333333333333335} {0.06250000000000001 0.03333333333333334} {0.08750000000000002 0.03333333333333334}}} 48602 {c {0.12916666666666668 0.02083333333333334} p {{0.11666666666666668 0.03333333333333334} {0.1416666666666667 0.03333333333333334} {0.1416666666666667 0.008333333333333335} {0.11666666666666668 0.008333333333333335}}} 48603 {c {0.18333333333333335 0.02083333333333334} p {{0.17083333333333336 0.03333333333333334} {0.19583333333333336 0.03333333333333334} {0.19583333333333336 0.008333333333333335} {0.17083333333333336 0.008333333333333335}}} 48604 {c {0.23750000000000004 0.02083333333333334} p {{0.22500000000000006 0.03333333333333334} {0.25000000000000006 0.03333333333333334} {0.25000000000000006 0.008333333333333335} {0.22500000000000006 0.008333333333333335}}} 48605 {c {0.02083333333333334 0.07500000000000001} p {{0.03333333333333334 0.06250000000000001} {0.008333333333333335 0.06250000000000001} {0.008333333333333335 0.08750000000000002} {0.03333333333333334 0.08750000000000002}}} 48606 {c {0.07500000000000001 0.07500000000000001} p {{0.06250000000000001 0.08750000000000002} {0.08750000000000002 0.08750000000000002} {0.08750000000000002 0.06250000000000001} {0.06250000000000001 0.06250000000000001}}} 48607 {c {0.12916666666666668 0.07500000000000001} p {{0.11666666666666668 0.08750000000000002} {0.1416666666666667 0.08750000000000002} {0.1416666666666667 0.06250000000000001} {0.11666666666666668 0.06250000000000001}}} 48608 {c {0.18333333333333335 0.07500000000000001} p {{0.17083333333333336 0.08750000000000002} {0.19583333333333336 0.08750000000000002} {0.19583333333333336 0.06250000000000001} {0.17083333333333336 0.06250000000000001}}} 48609 {c {0.23750000000000004 0.07500000000000001} p {{0.25000000000000006 0.06250000000000001} {0.22500000000000006 0.06250000000000001} {0.22500000000000006 0.08750000000000002} {0.25000000000000006 0.08750000000000002}}} 48610 {c {0.02083333333333334 0.12916666666666668} p {{0.008333333333333335 0.1416666666666667} {0.03333333333333334 0.1416666666666667} {0.03333333333333334 0.11666666666666668} {0.008333333333333335 0.11666666666666668}}} 48611 {c {0.07500000000000001 0.12916666666666668} p {{0.06250000000000001 0.1416666666666667} {0.08750000000000002 0.1416666666666667} {0.08750000000000002 0.11666666666666668} {0.06250000000000001 0.11666666666666668}}} 48612 {c {0.12916666666666668 0.12916666666666668} p {{0.11666666666666668 0.1416666666666667} {0.1416666666666667 0.1416666666666667} {0.1416666666666667 0.11666666666666668} {0.11666666666666668 0.11666666666666668}}} 48613 {c {0.18333333333333335 0.12916666666666668} p {{0.19583333333333336 0.11666666666666668} {0.17083333333333336 0.11666666666666668} {0.17083333333333336 0.1416666666666667} {0.19583333333333336 0.1416666666666667}}} 48614 {c {0.23750000000000004 0.12916666666666668} p {{0.22500000000000006 0.1416666666666667} {0.25000000000000006 0.1416666666666667} {0.25000000000000006 0.11666666666666668} {0.22500000000000006 0.11666666666666668}}}} version 58 camera /base/axi/pcie@120000/rp1/i2c@88000/imx708@1a cameraWidth 1920 cameraHeight 1080 display 0 displayWidth 1366 displayHeight 768 tagSize 0.025 H_modelToDisplay {{0.440766 0.002161 -0.204555} {-0.019421 0.470134 -0.124867} {-0.000038 -0.000001 -0.000184}} rmse 3.5301682096252436 tags {48600 {id 48600 H {-7.817725 0.391680 1136.741010 3.630370 -15.641356 656.233817 0.006932 -0.000088 1.000000} c {1136.741010 656.233817} p {{1153.045288 641.465454} {1121.638062 639.843506} {1120.664062 670.796265} {1152.052124 672.850037}}} 48602 {id 48602 H {-13.390419 3.133860 1006.865146 0.418256 -13.623543 649.012030 0.001812 0.002414 1.000000} c {1006.865146 649.012030} p {{1022.773499 634.588074} {992.414124 633.130798} {990.937622 663.453369} {1021.438843 665.028076}}} 48604 {id 48604 H {-11.460328 2.114974 883.092366 1.101069 -13.732510 641.993011 0.003146 0.001648 1.000000} c {883.092366 641.993011} p {{898.013000 628.100403} {869.577942 626.358582} {868.216370 655.844055} {896.737000 657.778076}}} 48606 {id 48606 H {-11.225362 1.861283 1073.696810 1.671872 -14.574736 587.933505 0.003865 0.001200 1.000000} c {1073.696810 587.933505} p {{1089.687866 573.214722} {1058.968872 572.132690} {1057.790771 602.574036} {1088.574707 603.895203}}} 48608 {id 48608 H {-7.904555 2.103674 946.947887 3.545839 -14.144341 582.429565 0.007217 0.001448 1.000000} c {946.947887 582.429565} p {{962.508667 568.016174} {933.061401 566.918335} {931.565613 596.677612} {961.077148 598.211975}}} 48610 {id 48610 H {-18.189120 1.392288 1141.037777 -1.884636 -14.933964 526.320246 -0.002341 0.000808 1.000000} c {1141.037777 526.320246} p {{1156.975586 511.659576} {1125.967041 510.283905} {1124.999268 541.073547} {1156.062378 542.307495}}} 48612 {id 48612 H {-12.471650 0.220795 1012.411212 0.819357 -15.251768 521.875373 0.002553 -0.000407 1.000000} c {1012.411212 521.875373} p {{1028.146362 507.305573} {998.018372 506.356201} {996.768921 536.359192} {1026.865967 537.461304}}} 48614 {id 48614 H {-15.440379 10.592229 889.356218 -0.969992 -9.007881 517.791356 -0.001182 0.011033 1.000000} c {889.356218 517.791356} p {{904.342102 503.601868} {875.879761 502.859802} {873.999695 532.331787} {903.100830 533.020020}}} 48601 {id 48601 H {20.464778 -21.802875 1068.310500 4.373927 1.513721 649.313195 0.005707 -0.019953 1.000000} c {1068.310500 649.313195} p {{1053.064697 663.477966} {1082.392578 664.669983} {1082.793457 635.857178} {1054.624023 634.387817}}} 48603 {id 48603 H {-7.836102 -4.631286 947.589880 3.205998 -17.668046 642.616122 0.006143 -0.005515 1.000000} c {947.589880 642.616122} p {{962.010681 629.076416} {934.535583 627.759827} {933.501465 655.843750} {960.660583 657.491089}}} 48605 {id 48605 H {19.426936 0.675044 1133.201373 3.200929 15.284666 591.674550 0.004193 0.001012 1.000000} c {1133.201373 591.674550} p {{1118.005005 605.684509} {1147.331543 607.000732} {1148.301392 577.753418} {1118.923340 576.187988}}} 48607 {id 48607 H {-8.101980 7.010353 1009.836922 2.777683 -10.682504 585.630150 0.005951 0.006446 1.000000} c {1009.836922 585.630150} p {{1024.441650 571.886597} {996.393066 570.651001} {995.217712 599.387329} {1023.618286 600.985352}}} 48609 {id 48609 H {12.405448 -6.665504 892.636594 -0.320059 9.939841 580.201086 -0.001118 -0.006683 1.000000} c {892.636594 580.201086} p {{878.454285 593.765320} {905.440735 594.458801} {906.661926 566.786987} {880.030701 566.164124}}} 48611 {id 48611 H {-8.174794 2.980487 1073.269962 2.684440 -13.272712 527.969586 0.005816 0.002145 1.000000} c {1073.269962 527.969586} p {{1088.420898 513.898987} {1059.640259 513.295166} {1058.229858 541.937256} {1087.118408 542.879517}}} 48613 {id 48613 H {3.762797 -9.932987 953.658500 -5.077807 9.033013 523.536856 -0.010498 -0.009551 1.000000} c {953.658500 523.536856} p {{939.072937 537.138733} {966.873474 538.284302} {968.271729 509.909180} {940.963013 509.369141}}}}} {model {48600 {c {0.02083333333333334 0.02083333333333334} p {{0.008333333333333335 0.03333333333333334} {0.03333333333333334 0.03333333333333334} {0.03333333333333334 0.008333333333333335} {0.008333333333333335 0.008333333333333335}}} 48601 {c {0.07500000000000001 0.02083333333333334} p {{0.08750000000000002 0.03333333333333334} {0.08750000000000002 0.008333333333333335} {0.06250000000000001 0.008333333333333335} {0.06250000000000001 0.03333333333333334}}} 48602 {c {0.12916666666666668 0.02083333333333334} p {{0.11666666666666668 0.03333333333333334} {0.1416666666666667 0.03333333333333334} {0.1416666666666667 0.008333333333333335} {0.11666666666666668 0.008333333333333335}}} 48603 {c {0.18333333333333335 0.02083333333333334} p {{0.17083333333333336 0.03333333333333334} {0.19583333333333336 0.03333333333333334} {0.19583333333333336 0.008333333333333335} {0.17083333333333336 0.008333333333333335}}} 48604 {c {0.23750000000000004 0.02083333333333334} p {{0.22500000000000006 0.03333333333333334} {0.25000000000000006 0.03333333333333334} {0.25000000000000006 0.008333333333333335} {0.22500000000000006 0.008333333333333335}}} 48605 {c {0.02083333333333334 0.07500000000000001} p {{0.03333333333333334 0.08750000000000002} {0.03333333333333334 0.06250000000000001} {0.008333333333333335 0.06250000000000001} {0.008333333333333335 0.08750000000000002}}} 48606 {c {0.07500000000000001 0.07500000000000001} p {{0.06250000000000001 0.08750000000000002} {0.08750000000000002 0.08750000000000002} {0.08750000000000002 0.06250000000000001} {0.06250000000000001 0.06250000000000001}}} 48607 {c {0.12916666666666668 0.07500000000000001} p {{0.11666666666666668 0.08750000000000002} {0.1416666666666667 0.08750000000000002} {0.1416666666666667 0.06250000000000001} {0.11666666666666668 0.06250000000000001}}} 48608 {c {0.18333333333333335 0.07500000000000001} p {{0.17083333333333336 0.08750000000000002} {0.19583333333333336 0.08750000000000002} {0.19583333333333336 0.06250000000000001} {0.17083333333333336 0.06250000000000001}}} 48609 {c {0.23750000000000004 0.07500000000000001} p {{0.25000000000000006 0.08750000000000002} {0.25000000000000006 0.06250000000000001} {0.22500000000000006 0.06250000000000001} {0.22500000000000006 0.08750000000000002}}} 48610 {c {0.02083333333333334 0.12916666666666668} p {{0.008333333333333335 0.1416666666666667} {0.03333333333333334 0.1416666666666667} {0.03333333333333334 0.11666666666666668} {0.008333333333333335 0.11666666666666668}}} 48611 {c {0.07500000000000001 0.12916666666666668} p {{0.06250000000000001 0.1416666666666667} {0.08750000000000002 0.1416666666666667} {0.08750000000000002 0.11666666666666668} {0.06250000000000001 0.11666666666666668}}} 48612 {c {0.12916666666666668 0.12916666666666668} p {{0.11666666666666668 0.1416666666666667} {0.1416666666666667 0.1416666666666667} {0.1416666666666667 0.11666666666666668} {0.11666666666666668 0.11666666666666668}}} 48613 {c {0.18333333333333335 0.12916666666666668} p {{0.19583333333333336 0.1416666666666667} {0.19583333333333336 0.11666666666666668} {0.17083333333333336 0.11666666666666668} {0.17083333333333336 0.1416666666666667}}} 48614 {c {0.23750000000000004 0.12916666666666668} p {{0.22500000000000006 0.1416666666666667} {0.25000000000000006 0.1416666666666667} {0.25000000000000006 0.11666666666666668} {0.22500000000000006 0.11666666666666668}}}} version 85 camera /base/axi/pcie@120000/rp1/i2c@88000/imx708@1a cameraWidth 1920 cameraHeight 1080 display 0 displayWidth 1366 displayHeight 768 tagSize 0.025 H_modelToDisplay {{-0.486491 -0.056327 0.242462} {-0.011016 -0.485375 0.091718} {-0.000009 -0.000092 0.000192}} rmse 4.613389414710195 tags {48600 {id 48600 H {-10.324409 4.032626 1215.454693 1.257709 -13.931024 573.339142 0.003914 0.001152 1.000000} c {1215.454693 573.339142} p {{1233.216797 559.695801} {1203.068237 557.839844} {1197.790405 586.907349} {1227.967285 588.996277}}} 48602 {id 48602 H {-17.905567 -6.639265 1086.007941 -2.362256 -18.984462 564.168077 -0.002240 -0.007799 1.000000} c {1086.007941 564.168077} p {{1103.407715 550.606506} {1072.227051 548.325928} {1068.800537 577.579712} {1099.514893 579.695312}}} 48604 {id 48604 H {-14.664935 -7.063063 955.186528 -0.677262 -19.506780 554.034592 0.000880 -0.008518 1.000000} c {955.186528 554.034592} p {{971.922424 540.282593} {940.642395 537.959045} {938.762268 567.530518} {969.510193 569.866455}}} 48606 {id 48606 H {-12.129166 -5.024597 1160.272640 0.480733 -18.645233 506.100550 0.003078 -0.006298 1.000000} c {1160.272640 506.100550} p {{1178.426880 491.583984} {1146.812012 489.512451} {1142.455688 520.347412}